[0.88481441 0.20211326 0.10930571 0.87417754 0.17958189 0.17571259
 0.87578259 0.17503636 0.87753684 0.19443837 0.90581338 0.14661584
 0.18451207 0.1662296  0.92420794 0.86373727 0.90825761 0.14397535
 0.90813671 0.93386428 0.17029795 0.1720495  0.915378   0.1599101
 0.92968505 0.11898096 0.17535716 0.16691268 0.12038145 0.90487223
 0.8893329  0.90161125 0.16707523 0.10945659 0.89871961 0.14755266
 0.13921103 0.8571754  0.91561355 0.09714126 0.17494174 0.91704626
 0.89666497 0.13056894 0.1815669  0.92550366 0.85065422 0.91171307
 0.14785518 0.17412205 0.92517263 0.14875837 0.17289953 0.88799489
 0.18431658 0.88757043 0.89195242 0.18353084 0.91483938 0.92335974
 0.13672421 0.90937643 0.18390539 0.87693146 0.17311015 0.90976977
 0.925064   0.17891197 0.91304003 0.91788813 0.17272112 0.92395611
 0.16323668 0.08500268 0.15822943 0.91544474 0.12257091 0.87368419
 0.90805477 0.14650541 0.16524823 0.92179222 0.18439885 0.132754
 0.11411449 0.93315959 0.8557806  0.92447486 0.16194944 0.15257908
 0.90173841 0.87720642 0.1671781  0.92211572 0.15544265 0.17030191
 0.18525392 0.1590918  0.91181496 0.13085482 0.21797399 0.14068661
 0.92796275 0.84469832 0.91842271 0.09858705 0.89384068 0.93054994
 0.18233041 0.90604507 0.91855499 0.92161235 0.93102535 0.90176151
 0.87203683 0.20698469 0.90324573 0.15481302 0.16510461 0.87774199
 0.89896637 0.90416637 0.11100942 0.91785637 0.11106486 0.92092939
 0.85261331 0.12450048 0.17311843 0.13183459 0.88135537 0.909304
 0.91757445 0.14755935 0.16538776 0.15126637 0.15836749 0.89966815
 0.14131938 0.88850024 0.11516567 0.09628743 0.91716831 0.92783786
 0.9198299  0.86226433 0.11473658 0.18553548 0.92152742 0.12618625
 0.1629801  0.20641939 0.87394485 0.90886272 0.16275663 0.92009921
 0.18504256 0.12434034 0.91574841 0.90099764 0.13391703 0.18788595
 0.90286562 0.16942168 0.18382061 0.14898051 0.91056494 0.15365985
 0.18705054 0.20103636 0.90943259 0.90175241 0.91666611 0.89931191
 0.13123037 0.16369814 0.11762754 0.90969266 0.90781443 0.90641496
 0.18008261 0.91049925 0.15156778 0.19843017 0.14357331 0.91813092
 0.90544539 0.1930282  0.90778653 0.91990042 0.91021521 0.91366483
 0.87285266 0.86994061 0.10951039 0.92236372 0.15170312 0.1306229
 0.91779138 0.16602781]
